   75    6   28  7200    0  149  300    0    0
     0.0000000e+00     0.0000000e+00     0.0000000e+00
     8.2096915e-08     6.0226114e-09    -7.5085920e-07
     4.3828285e-07     6.7192920e-07    -7.3455895e-07
     6.4307908e-08     6.8464646e-09    -1.5060072e-06
    -2.8723241e-07    -6.2409317e-07    -1.7271413e-06
     8.0202763e-07    -9.2604941e-10    -1.6681026e-06
    -2.7151220e-07     4.3947858e-07     5.5109473e-07
    -2.0553538e-07     1.0564618e-06    -8.2510429e-07
     1.3153636e-07     9.7280015e-07     9.0278447e-07
     6.7004167e-07    -6.7398874e-07    -1.9845391e-06
     1.8101748e-07     1.0726115e-06    -1.4738583e-06
    -5.1462449e-07    -3.6827179e-08    -2.1442471e-06
    -8.5059784e-07     2.4401342e-07     9.9496285e-07
     6.4335594e-07     3.4822913e-07     1.8813644e-07
    -4.8675735e-07     5.8865624e-07    -1.5741162e-07
     6.7788484e-07    -3.1785828e-07    -1.6640697e-07
    -1.0605868e-06     7.1979617e-07    -6.3079072e-07
     1.0819314e-06    -3.2824498e-08    -2.3689607e-06
     1.3806476e-06    -4.9682061e-07     4.4928641e-08
     4.1922948e-08     5.0882877e-08     1.1179435e-06
     7.0156444e-07    -2.8768500e-07     1.2622023e-06
    -1.2919616e-07    -6.5667644e-07    -4.5632412e-07
    -1.5433055e-06     4.8645198e-08     1.2242075e-06
     6.6991982e-07     2.0570804e-07     1.8332782e-06
     6.4947106e-07    -1.0165816e-06     1.1915222e-07
    -1.4740139e-06     1.0504200e-06    -3.1583974e-07
     4.2422832e-07     8.9005782e-07    -6.3704201e-09
    -2.5561667e-07     3.3471386e-07    -2.5617400e-06
    -4.0902899e-07     1.0101546e-06     1.1957382e-06
    -3.4171090e-07     7.4717694e-07    -1.3401065e-06
    -2.7715257e-07     4.6082421e-07    -1.7442028e-06
     1.2003315e-06     6.0402791e-07     2.4956406e-07
     2.0422120e-07    -6.8441256e-07    -2.3874420e-06
     1.2020918e-06     1.0651755e-06     1.2921342e-07
    -9.5503282e-07     9.4135024e-07     3.1673481e-08
     5.3250537e-07    -2.5887016e-07    -1.0770374e-06
    -3.3157943e-07     1.3922156e-06    -1.3533355e-06
     1.7364252e-07    -1.3655291e-07     1.6897353e-06
     1.9483636e-07     3.0019328e-07    -2.0316860e-06
    -8.2594437e-07     9.9226651e-08     1.9231036e-10
     1.7412989e-07     4.8282590e-08    -2.4357364e-06
     2.3062149e-07    -3.4515651e-07     2.1144499e-06
    -1.4531966e-06     3.5092099e-07    -3.3209885e-07
    -5.5585042e-07    -3.6934205e-07    -7.9519467e-07
    -6.2271765e-08     1.7611853e-06    -1.2173969e-06
     6.6198188e-07     3.7162007e-08     2.4256947e-06
    -3.1747723e-07    -4.2842039e-07     3.0837045e-07
    -6.4401426e-07     9.1844834e-07     4.4498936e-07
    -3.5511643e-07    -1.2281025e-06    -4.9945765e-07
    -5.7166926e-07     1.3990328e-06    -4.6730649e-07
     1.9179461e-07    -5.8151826e-07    -9.7665511e-07
     7.0285992e-07    -5.6252251e-07    -2.5894576e-06
    -5.5321803e-08    -9.9390524e-08     2.4059632e-06
    -1.0416124e-06     8.7897793e-07     7.0480148e-07
     1.1625363e-06     1.4772565e-06    -1.0694158e-07
     6.4807475e-07    -5.6091538e-08     6.5281987e-07
     8.1128267e-07    -4.9362899e-07     5.5759033e-07
    -6.9948553e-07     1.6215483e-06    -1.1553554e-06
    -7.0079650e-07    -5.4261071e-07     5.6754494e-07
    -1.0624085e-06     1.6732571e-06    -1.4599168e-06
     1.9298223e-07     3.6294618e-07     2.1899781e-06
    -1.3517457e-07    -1.0117081e-06    -2.1810810e-06
     4.2318331e-07    -7.1439957e-07     2.3462343e-06
    -9.7493124e-07     1.6530469e-06    -4.6624985e-07
     5.3505259e-07     5.6091583e-07    -2.2400635e-06
    -2.6831089e-07     4.0234880e-07     1.5175118e-06
    -9.9666205e-07    -3.0841337e-07    -9.6583261e-07
     1.6078505e-06    -1.0671007e-06     9.5796547e-08
     1.3814617e-07    -5.6546515e-07     2.0147693e-07
    -3.0309330e-07    -4.5015476e-07     1.0212314e-06
    -6.4893099e-07    -9.6465050e-07    -2.0913158e-06
    -9.1958667e-07    -2.9891920e-07    -2.4446155e-07
    -7.8485331e-07     8.4871499e-07    -1.1663083e-06
    -9.4176869e-07    -3.5312185e-07     1.1155676e-06
     1.6378165e-06     1.4667772e-06    -1.4075632e-07
 0.00E+00  0.00E+00  0.00E+00  0.00E+00  0.00E+00  0.00E+00
 0.00E+00  0.00E+00  0.00E+00  0.00E+00  0.00E+00  0.00E+00
 0
0
USE_REFINEMENT=1
USE_DYN_ORDERS=1
HOST_RAM_GB=200.000
GPU_RAM_GB=48.000
