 100  0
 1.0000000E+00 3.0000000E+08 1.0000000E+00  0   48    0   3
1.000E-06
2.500E-06
3.454E-06
4.397E-06
5.350E-06
6.250E-06
7.305E-06
8.347E-06
9.390E-06
1.028E-05
1.125E-05
1.202E-05
1.256E-05
1.302E-05
1.344E-05
1.397E-05
1.435E-05
1.452E-05
1.468E-05
1.481E-05
1.501E-05
1.515E-05
1.534E-05
1.550E-05
1.587E-05
1.637E-05
1.661E-05
1.707E-05
1.721E-05
1.733E-05
1.745E-05
1.767E-05
1.799E-05
1.848E-05
1.901E-05
1.942E-05
1.968E-05
1.992E-05
2.020E-05
2.053E-05
2.088E-05
2.119E-05
2.165E-05
2.203E-05
2.257E-05
2.342E-05
2.421E-05
2.500E-05
    1    1    1    1    1    1    1    1    1    1    1    1   13   13   13   13
   13   13   13   13   13   13   13   13   13   13   13   13   13   13   13   13
   13   13   13   13   37   37   37   37   37   37   37   37   37   37   37   37
   37   37   37   37   37   37   37   37   37   37   37   37   37   37   37   37
   37   37   67   67   67   67   67   67   67   67   67   67   67   67   67   67
   67   67   67   67   67   67   67   67   67   67   67   67   67   67   67   67
   67   67   67   67
  1     3.776790e-07
 1.0000000E+00
  1     2.382984e-07
 1.0000000E+00
  1     1.892871e-07
 1.0000000E+00
  1     1.503561e-07
 1.0000000E+00
(2.87302E+00,2.30520E-04)
(2.87302E+00,2.30520E-04)
(2.87302E+00,2.30520E-04)
(2.87302E+00,2.30520E-04)
(2.81331E+00,4.98830E-04)
(2.81331E+00,4.98830E-04)
(2.81331E+00,4.98830E-04)
(2.81331E+00,4.98830E-04)
(2.74108E+00,1.36720E-03)
(2.74108E+00,1.36720E-03)
(2.74108E+00,1.36720E-03)
(2.74108E+00,1.36720E-03)
(2.64307E+00,2.97120E-03)
(2.64307E+00,2.97120E-03)
(2.64307E+00,2.97120E-03)
(2.64307E+00,2.97120E-03)
(2.51350E+00,5.72970E-03)
(2.51350E+00,5.72970E-03)
(2.51350E+00,5.72970E-03)
(2.51350E+00,5.72970E-03)
(2.35816E+00,9.90700E-03)
(2.35816E+00,9.90700E-03)
(2.35816E+00,9.90700E-03)
(2.35816E+00,9.90700E-03)
(2.12610E+00,1.78560E-02)
(2.12610E+00,1.78560E-02)
(2.12610E+00,1.78560E-02)
(2.12610E+00,1.78560E-02)
(1.82852E+00,3.11650E-02)
(1.82852E+00,3.11650E-02)
(1.82852E+00,3.11650E-02)
(1.82852E+00,3.11650E-02)
(1.43761E+00,5.48370E-02)
(1.43761E+00,5.48370E-02)
(1.43761E+00,5.48370E-02)
(1.43761E+00,5.48370E-02)
(9.97200E-01,9.29890E-02)
(9.97200E-01,9.29890E-02)
(9.97200E-01,9.29890E-02)
(9.97200E-01,9.29890E-02)
(3.34920E-01,1.93320E-01)
(3.34920E-01,1.93320E-01)
(3.34920E-01,1.93320E-01)
(3.34920E-01,1.93320E-01)
(-3.52900E-01,4.51570E-01)
(-3.52900E-01,4.51570E-01)
(-3.52900E-01,4.51570E-01)
(-3.52900E-01,4.51570E-01)
(-7.31380E-01,6.66990E-01)
(-7.31380E-01,6.66990E-01)
(-7.31380E-01,6.66990E-01)
(-7.31380E-01,6.66990E-01)
(-1.29085E+00,6.57610E-01)
(-1.29085E+00,6.57610E-01)
(-1.29085E+00,6.57610E-01)
(-1.29085E+00,6.57610E-01)
(-2.15452E+00,7.96450E-01)
(-2.15452E+00,7.96450E-01)
(-2.15452E+00,7.96450E-01)
(-2.15452E+00,7.96450E-01)
(-3.81662E+00,1.46520E+00)
(-3.81662E+00,1.46520E+00)
(-3.81662E+00,1.46520E+00)
(-3.81662E+00,1.46520E+00)
(-5.70823E+00,3.02630E+00)
(-5.70823E+00,3.02630E+00)
(-5.70823E+00,3.02630E+00)
(-5.70823E+00,3.02630E+00)
(-6.66839E+00,4.56790E+00)
(-6.66839E+00,4.56790E+00)
(-6.66839E+00,4.56790E+00)
(-6.66839E+00,4.56790E+00)
(-7.19795E+00,7.30310E+00)
(-7.19795E+00,7.30310E+00)
(-7.19795E+00,7.30310E+00)
(-7.19795E+00,7.30310E+00)
(-6.30998E+00,1.02730E+01)
(-6.30998E+00,1.02730E+01)
(-6.30998E+00,1.02730E+01)
(-6.30998E+00,1.02730E+01)
(-8.95790E-01,1.31620E+01)
(-8.95790E-01,1.31620E+01)
(-8.95790E-01,1.31620E+01)
(-8.95790E-01,1.31620E+01)
(3.02557E+00,1.14350E+01)
(3.02557E+00,1.14350E+01)
(3.02557E+00,1.14350E+01)
(3.02557E+00,1.14350E+01)
(4.74121E+00,7.49290E+00)
(4.74121E+00,7.49290E+00)
(4.74121E+00,7.49290E+00)
(4.74121E+00,7.49290E+00)
(4.25754E+00,5.03830E+00)
(4.25754E+00,5.03830E+00)
(4.25754E+00,5.03830E+00)
(4.25754E+00,5.03830E+00)
(2.19623E+00,2.60820E+00)
(2.19623E+00,2.60820E+00)
(2.19623E+00,2.60820E+00)
(2.19623E+00,2.60820E+00)
(-1.75480E-01,1.72140E+00)
(-1.75480E-01,1.72140E+00)
(-1.75480E-01,1.72140E+00)
(-1.75480E-01,1.72140E+00)
(-1.27090E+00,1.64600E+00)
(-1.27090E+00,1.64600E+00)
(-1.27090E+00,1.64600E+00)
(-1.27090E+00,1.64600E+00)
(-3.61691E+00,2.31870E+00)
(-3.61691E+00,2.31870E+00)
(-3.61691E+00,2.31870E+00)
(-3.61691E+00,2.31870E+00)
(-4.15321E+00,3.43400E+00)
(-4.15321E+00,3.43400E+00)
(-4.15321E+00,3.43400E+00)
(-4.15321E+00,3.43400E+00)
(-3.34496E+00,4.22630E+00)
(-3.34496E+00,4.22630E+00)
(-3.34496E+00,4.22630E+00)
(-3.34496E+00,4.22630E+00)
(-2.73775E+00,3.40820E+00)
(-2.73775E+00,3.40820E+00)
(-2.73775E+00,3.40820E+00)
(-2.73775E+00,3.40820E+00)
(-3.90035E+00,2.47000E+00)
(-3.90035E+00,2.47000E+00)
(-3.90035E+00,2.47000E+00)
(-3.90035E+00,2.47000E+00)
(-5.92752E+00,2.54380E+00)
(-5.92752E+00,2.54380E+00)
(-5.92752E+00,2.54380E+00)
(-5.92752E+00,2.54380E+00)
(-9.43218E+00,3.66380E+00)
(-9.43218E+00,3.66380E+00)
(-9.43218E+00,3.66380E+00)
(-9.43218E+00,3.66380E+00)
(-1.44646E+01,6.48850E+00)
(-1.44646E+01,6.48850E+00)
(-1.44646E+01,6.48850E+00)
(-1.44646E+01,6.48850E+00)
(-1.97257E+01,1.14290E+01)
(-1.97257E+01,1.14290E+01)
(-1.97257E+01,1.14290E+01)
(-1.97257E+01,1.14290E+01)
(-2.33986E+01,1.75410E+01)
(-2.33986E+01,1.75410E+01)
(-2.33986E+01,1.75410E+01)
(-2.33986E+01,1.75410E+01)
(-2.52840E+01,2.57830E+01)
(-2.52840E+01,2.57830E+01)
(-2.52840E+01,2.57830E+01)
(-2.52840E+01,2.57830E+01)
(-2.30193E+01,3.77380E+01)
(-2.30193E+01,3.77380E+01)
(-2.30193E+01,3.77380E+01)
(-2.30193E+01,3.77380E+01)
(-1.76878E+01,5.22340E+01)
(-1.76878E+01,5.22340E+01)
(-1.76878E+01,5.22340E+01)
(-1.76878E+01,5.22340E+01)
(1.53007E+01,8.05160E+01)
(1.53007E+01,8.05160E+01)
(1.53007E+01,8.05160E+01)
(1.53007E+01,8.05160E+01)
(5.08954E+01,4.49450E+01)
(5.08954E+01,4.49450E+01)
(5.08954E+01,4.49450E+01)
(5.08954E+01,4.49450E+01)
(3.97004E+01,1.57900E+01)
(3.97004E+01,1.57900E+01)
(3.97004E+01,1.57900E+01)
(3.97004E+01,1.57900E+01)
(3.18734E+01,8.92700E+00)
(3.18734E+01,8.92700E+00)
(3.18734E+01,8.92700E+00)
(3.18734E+01,8.92700E+00)
(2.52758E+01,5.03330E+00)
(2.52758E+01,5.03330E+00)
(2.52758E+01,5.03330E+00)
(2.52758E+01,5.03330E+00)
(1.98098E+01,2.74210E+00)
(1.98098E+01,2.74210E+00)
(1.98098E+01,2.74210E+00)
(1.98098E+01,2.74210E+00)
(1.69026E+01,1.82580E+00)
(1.69026E+01,1.82580E+00)
(1.69026E+01,1.82580E+00)
(1.69026E+01,1.82580E+00)
(1.50063E+01,1.33790E+00)
(1.50063E+01,1.33790E+00)
(1.50063E+01,1.33790E+00)
(1.50063E+01,1.33790E+00)
0
