  100    6   28  9600    0  149  300    0    0
     0.0000000e+00     0.0000000e+00     0.0000000e+00
     2.5373921e-09    -7.4653229e-07    -1.1510344e-07
     4.5387820e-07    -5.1452962e-07    -6.7459601e-07
     5.7707774e-07    -1.2681450e-07     4.7060076e-07
    -2.4195597e-08    -1.4747784e-06    -3.1387133e-07
     1.0237933e-06    -4.8806549e-07    -1.1696335e-06
    -3.8329736e-07     4.2593618e-07     4.9216583e-07
    -5.0384636e-07    -2.9924294e-07    -4.7661118e-07
    -3.8328336e-07     4.3867566e-07    -5.8387912e-07
     1.5957132e-07     1.1324417e-08    -1.1300372e-06
    -8.4985816e-07     8.5470710e-07    -1.0078974e-06
    -3.4051985e-08    -6.6917978e-08     9.4569439e-07
     2.3240769e-08     2.4024696e-07     1.4765384e-06
     2.8959967e-07     4.3813194e-07     3.2187046e-07
     4.9513266e-07     2.4687875e-07     9.7608163e-07
     6.1761309e-07     3.5516206e-07    -1.3567564e-06
     6.8471636e-07     3.5977900e-07     1.3985222e-06
    -3.8778922e-07    -1.1494206e-07    -1.3827849e-06
     1.0471253e-06    -1.8300624e-07    -1.7042573e-06
    -7.4155584e-07     5.7572694e-07     1.4000851e-08
    -8.7281329e-08     9.4586662e-07     3.4562229e-07
     5.7572514e-07    -1.2379983e-07    -1.8067186e-07
     8.3837908e-08    -2.0060215e-06    -2.1403065e-08
     2.6185464e-07    -4.7569095e-07    -1.4930556e-06
    -1.0852448e-06    -3.4005941e-07    -6.7595521e-07
    -3.8402852e-07     3.7276802e-07     1.6856183e-06
    -6.7646566e-07     2.5716915e-07    -1.4558853e-06
    -5.8898256e-08     9.6141629e-07    -6.1461499e-07
     1.1432815e-07     5.8403610e-07    -1.5893100e-07
     3.6316733e-07    -8.6245480e-07    -1.1747437e-06
    -5.2204790e-08    -8.8604759e-08     1.8131525e-06
     4.0030086e-07    -1.3249257e-07     1.3775112e-06
     7.1097340e-07     7.4649302e-07     1.6758440e-06
    -4.6217407e-07    -4.0580241e-07    -1.7529357e-06
    -7.5847474e-08     1.6493272e-08     2.2774153e-06
     4.5731991e-07     7.7627842e-07    -1.5120356e-06
    -2.5627149e-07     9.4295176e-07    -9.9347147e-07
    -1.0319710e-06     7.9348465e-07     2.3998750e-07
    -3.2831512e-07     2.7251539e-07     2.5088070e-06
    -6.9358314e-07    -6.4129739e-07    -6.6185472e-08
     4.5980625e-07     8.3287135e-07    -1.1949430e-07
    -3.2188491e-07     1.2532828e-06    -4.4585083e-07
     1.4283131e-07     1.0127484e-07    -5.3925243e-07
     4.6379855e-07     2.7585453e-07    -6.3835030e-07
    -6.8006397e-07     9.2142895e-07    -2.3000371e-07
    -4.2368965e-07    -1.0193407e-06     1.4054604e-07
     6.9565738e-07     1.5994825e-08    -9.4553658e-07
    -4.6427752e-07    -6.5351314e-07    -2.1014531e-06
    -1.5105686e-07    -4.3218838e-07     1.3632323e-06
    -7.3554773e-07     7.6152510e-07    -1.5553468e-06
     4.0486266e-07     6.5704983e-07    -1.9192973e-06
     5.6479687e-08     1.3150965e-06     1.8490080e-07
    -2.7970828e-07     7.7704873e-07    -1.3329495e-06
     9.0964541e-07    -6.2572841e-09     9.1367554e-07
    -8.3502851e-07     1.9126178e-07     2.4253120e-07
     3.1147672e-07     6.5433394e-07    -5.3178488e-07
    -2.2483469e-07    -5.6494911e-07    -8.9254781e-07
     3.6544810e-07    -1.1589135e-06     2.5210810e-08
     6.9684735e-07     4.9444984e-07    -2.0971304e-06
    -2.1789385e-07    -3.0231764e-08    -1.7659155e-06
    -4.0665876e-07    -8.1415532e-07    -1.1119896e-06
     2.1689684e-08    -2.3138128e-07    -1.9791221e-06
     5.1365349e-07     6.6178337e-07     8.7439341e-07
    -7.6180980e-08     1.4952906e-06     4.9026891e-07
    -4.6622985e-07    -1.3176965e-07     5.5163822e-07
    -1.2669285e-06     9.5066173e-07    -1.1823442e-08
     4.7024694e-07     6.2773805e-07    -8.3085373e-07
    -1.0909733e-06     4.1315943e-07     2.1780852e-07
     7.7534434e-07    -8.4376709e-07    -4.1559161e-07
     9.2992266e-07     8.2398884e-09    -2.7101538e-07
    -8.8787584e-07     1.0974671e-06    -4.3293796e-07
    -4.6042511e-07    -2.2250183e-07     1.3161579e-07
     1.0941097e-07    -3.7195357e-07     4.6663906e-07
    -7.3074381e-07     8.2325154e-07     4.7659194e-07
     7.0419313e-07     2.3547929e-07    -1.0673398e-07
     1.1985713e-06    -5.9805251e-08     7.4334664e-07
    -3.5482034e-07     2.9463046e-07     1.1583242e-06
    -7.2306227e-07     1.1735688e-07    -8.2908434e-07
     7.8589785e-07    -1.1210508e-06    -5.3148026e-07
    -5.1396464e-07     2.5077206e-07    -1.0597317e-06
     1.4491573e-06     1.0612588e-07     7.5341514e-07
     6.6568857e-07     7.9056772e-07    -9.9121862e-07
     5.7444595e-07     5.5975377e-07     8.7087491e-08
    -9.5293609e-07     2.5221763e-07    -9.6836260e-07
    -4.4453785e-07    -2.6482730e-07     1.3981133e-06
    -3.4805598e-07     4.8165463e-07     2.0569699e-06
     4.1710986e-08    -6.5966329e-07     5.2202550e-07
     2.2246967e-07     9.6365763e-07    -3.2424732e-07
    -9.1559144e-07     3.0696900e-07     5.5152789e-07
    -3.7736662e-07     5.2475559e-07    -1.1048170e-06
     7.3069597e-07     3.5239481e-07    -8.3396435e-07
     1.0295441e-07    -5.9183025e-07     1.5224500e-06
     9.2504180e-07     2.6956245e-07     4.4555305e-07
    -6.1630607e-07     3.2224030e-07     9.5452411e-07
    -5.2716235e-07     5.2604559e-07     2.6162301e-06
     3.3079860e-08     1.6856480e-08    -2.2106513e-06
    -4.4091170e-07     9.5043623e-07     5.1219983e-07
     4.8360503e-07    -1.6833293e-07     9.8863564e-07
     2.4823459e-07     6.8713034e-07     6.1740565e-07
     8.0664106e-07     3.8691808e-07     1.6858030e-07
 0.00E+00  0.00E+00  0.00E+00  0.00E+00  0.00E+00  0.00E+00
 0.00E+00  0.00E+00  0.00E+00  0.00E+00  0.00E+00  0.00E+00
 0
0
USE_REFINEMENT=1
USE_DYN_ORDERS=1
HOST_RAM_GB=200.000
GPU_RAM_GB=48.000
