   75    4   20  3600    0  149  300    0    0
     0.0000000e+00     0.0000000e+00     0.0000000e+00
    -1.4481644e-07    -3.3614499e-07     3.4586053e-07
     2.4643504e-07    -3.4218107e-07    -2.7525742e-07
     3.3804850e-08     2.7536208e-07     4.2025910e-07
     6.9295893e-08     4.4043484e-07     8.9468099e-07
     2.5531051e-07     2.7260836e-07    -3.3776617e-07
     1.5870355e-07     6.8778815e-07    -6.9666197e-08
    -4.6462214e-07     2.1302558e-07     3.8462966e-07
    -1.9110902e-07    -1.5489390e-07    -4.3976723e-07
    -8.8591093e-09     5.4091853e-08     1.2080748e-06
     2.2935031e-07    -2.4031607e-07     6.6897169e-07
     1.7707049e-07    -4.8186391e-07    -7.5407056e-07
    -2.3209427e-08    -7.0336431e-07    -1.1595459e-06
     4.9374909e-08    -1.7498373e-07    -1.1323603e-06
     4.8026674e-07    -6.6156342e-07     7.8376009e-07
     2.1702527e-08    -6.9005373e-07     2.8677945e-08
    -5.1229953e-07     2.4273248e-07    -1.1579928e-07
    -9.1263596e-07     4.3069936e-07     4.5870056e-07
     5.0269366e-07     4.5660866e-07     4.4988544e-07
    -2.6427431e-08    -6.7895416e-08    -1.6185402e-06
    -1.1373549e-08    -1.1394942e-06    -1.9603069e-07
    -1.8471173e-07    -3.7301046e-07     9.2299843e-07
     4.8162094e-07     9.6971543e-07     1.9458014e-07
    -5.7001994e-07    -8.1832314e-08     7.7900877e-07
    -9.2395450e-07     2.4058174e-07     9.3509934e-07
    -7.1097541e-07     5.4608997e-07    -3.0850855e-07
    -5.0868502e-07     2.9254264e-08     1.1695629e-06
     7.6614196e-08     8.4910472e-07     9.3430565e-07
    -3.4534036e-07     3.8463999e-07     7.3811953e-07
    -1.8970918e-07    -2.6540786e-07     1.3920528e-06
    -8.6363323e-08     7.1730891e-08    -7.6581060e-07
     5.6987098e-07    -2.5524973e-07    -5.1288501e-07
     1.3534160e-07     1.6730247e-07     1.5755312e-06
     3.9222846e-07    -6.3427103e-07    -1.0688941e-06
     4.3227078e-07     6.7885385e-07    -3.7579671e-07
     3.1476192e-07    -3.4269758e-07     1.2966961e-07
     1.7936355e-07    -5.1674670e-07    -1.4641322e-06
     5.3429837e-07    -7.0097293e-07     1.1889295e-06
    -1.7882453e-07    -8.3727795e-07     3.5540209e-07
     4.4317903e-07    -8.0785534e-08     9.8116077e-07
    -2.3479787e-07    -1.3561105e-06    -4.6397413e-07
    -5.6678607e-07    -5.1404882e-07     9.7555427e-07
    -4.3518960e-07    -2.8090145e-07    -1.3451078e-07
    -1.5568898e-07    -1.1035481e-06     5.2721028e-07
    -1.8102039e-07     6.1835928e-07     3.5070496e-07
    -2.7996711e-07    -6.3631158e-07     1.2233876e-06
     7.3416030e-08     4.7427527e-07     1.3039151e-06
    -2.3342692e-07    -2.9524807e-07     1.7053441e-06
    -7.4436614e-07    -2.0774133e-07    -1.3776358e-07
    -8.3186236e-08     3.3183539e-08     7.3057729e-07
     8.7784195e-07     5.7791376e-07     5.6470518e-07
     1.6989610e-08    -2.2271516e-10     1.8181858e-06
    -1.8708135e-07     5.5779649e-07     1.4655271e-06
    -8.6824345e-07    -6.0824891e-07     9.4087134e-07
    -3.5175111e-07     6.7350923e-08     1.4431932e-06
     3.5304448e-07    -6.0123951e-07     3.1034511e-07
     4.5818458e-07    -8.8038128e-08     5.0437054e-09
    -9.0612504e-07     1.4805834e-07    -4.8175225e-08
    -1.2269549e-07     4.0740989e-07    -2.5073314e-07
    -3.5800184e-08    -4.8919019e-07    -1.6962923e-06
    -3.1636878e-07    -7.1924637e-07     7.4573635e-07
    -2.0530050e-08     3.8190266e-07    -7.4549875e-07
    -6.7320711e-07     8.6156355e-07    -3.1026666e-07
    -2.2333912e-07     9.3405031e-07     9.9566826e-07
    -4.2854548e-07     5.8350157e-07     9.7153782e-07
     2.2271850e-08    -4.3474289e-07     1.5574094e-06
     6.6212777e-07     1.7043207e-08    -2.1477031e-07
     2.2752270e-07     5.7921147e-07    -7.2331358e-07
    -9.5325769e-07    -3.4068285e-07     6.1344407e-08
    -2.2265247e-07     8.8011968e-07     5.2592304e-07
     2.6856098e-07     3.1240565e-07     8.5367974e-08
     2.5966266e-07     2.2018202e-07    -7.4503423e-07
     1.2524789e-07     6.1998652e-07    -1.0213578e-06
    -8.1857980e-07     6.9166650e-07     7.6149476e-07
    -1.2774348e-06     4.8849093e-07     6.3819051e-07
 0.00E+00  0.00E+00  0.00E+00  0.00E+00  0.00E+00  0.00E+00
 0.00E+00  0.00E+00  0.00E+00  0.00E+00  0.00E+00  0.00E+00
 0
0
USE_REFINEMENT=1
USE_DYN_ORDERS=1
HOST_RAM_GB=200.000
GPU_RAM_GB=48.000
