  75  0
 1.0000000E+00 3.0000000E+08 1.0000000E+00  0   37    0   3
1.000E-06
1.050E-06
1.110E-06
1.180E-06
1.250E-06
1.330E-06
1.430E-06
1.540E-06
1.670E-06
1.820E-06
2.000E-06
2.110E-06
2.220E-06
2.350E-06
2.500E-06
2.670E-06
2.860E-06
3.080E-06
3.330E-06
3.640E-06
4.000E-06
4.440E-06
5.000E-06
5.710E-06
6.670E-06
8.000E-06
9.485E-06
1.000E-05
1.042E-05
1.110E-05
1.250E-05
1.299E-05
1.430E-05
1.670E-05
2.000E-05
2.220E-05
2.500E-05
    1    1    1    1    1    1    1    1    1    1    1    1    1    1    1    1
    1    1    1    1    1    1    1    1    1   26   26   26   26   26   26   26
   26   26   26   26   26   26   26   26   26   26   26   26   26   26   26   26
   26   26   26   26   26   26   26   26   26   26   26   26   26   26   26   26
   26   26   26   26   26   26   26   26   26   26   26
  1     2.517860e-07
 1.0000000E+00
  1     1.588656e-07
 1.0000000E+00
(2.60159E+00,3.87107E-04)
(2.60159E+00,3.87107E-04)
(2.60043E+00,3.87020E-04)
(2.60043E+00,3.87020E-04)
(2.59908E+00,4.19163E-04)
(2.59908E+00,4.19163E-04)
(2.59748E+00,4.51267E-04)
(2.59748E+00,4.51267E-04)
(2.59586E+00,4.83350E-04)
(2.59586E+00,4.83350E-04)
(2.59401E+00,5.15389E-04)
(2.59401E+00,5.15389E-04)
(2.59159E+00,6.11740E-04)
(2.59159E+00,6.11740E-04)
(2.58881E+00,7.07951E-04)
(2.58881E+00,7.07951E-04)
(2.58537E+00,8.68271E-04)
(2.58537E+00,8.68271E-04)
(2.58108E+00,1.07009E-03)
(2.58108E+00,1.07009E-03)
(2.57551E+00,1.38016E-03)
(2.57551E+00,1.38016E-03)
(2.57184E+00,1.60370E-03)
(2.57184E+00,1.60370E-03)
(2.56800E+00,1.85890E-03)
(2.56800E+00,1.85890E-03)
(2.56318E+00,2.19192E-03)
(2.56318E+00,2.19192E-03)
(2.55727E+00,2.64424E-03)
(2.55727E+00,2.64424E-03)
(2.55011E+00,3.21758E-03)
(2.55011E+00,3.21758E-03)
(2.54142E+00,3.96458E-03)
(2.54142E+00,3.96458E-03)
(2.53050E+00,5.02903E-03)
(2.53050E+00,5.02903E-03)
(2.51687E+00,6.45091E-03)
(2.51687E+00,6.45091E-03)
(2.49811E+00,8.60577E-03)
(2.49811E+00,8.60577E-03)
(2.47347E+00,1.18374E-02)
(2.47347E+00,1.18374E-02)
(2.43869E+00,1.69799E-02)
(2.43869E+00,1.69799E-02)
(2.38590E+00,2.62056E-02)
(2.38590E+00,2.62056E-02)
(2.30201E+00,4.41458E-02)
(2.30201E+00,4.41458E-02)
(2.14663E+00,8.87213E-02)
(2.14663E+00,8.87213E-02)
(1.79567E+00,2.57799E-01)
(1.79567E+00,2.57799E-01)
(1.22922E+00,1.30712E+00)
(1.22922E+00,1.30712E+00)
(1.73252E+00,2.08047E+00)
(1.73252E+00,2.08047E+00)
(2.43021E+00,2.25725E+00)
(2.43021E+00,2.25725E+00)
(3.16556E+00,1.77973E+00)
(3.16556E+00,1.77973E+00)
(3.23418E+00,6.54773E-01)
(3.23418E+00,6.54773E-01)
(2.89248E+00,5.58010E-01)
(2.89248E+00,5.58010E-01)
(2.46399E+00,6.65832E-01)
(2.46399E+00,6.65832E-01)
(1.86185E+00,1.55088E+00)
(1.86185E+00,1.55088E+00)
(2.72071E+00,2.29357E+00)
(2.72071E+00,2.29357E+00)
(2.96722E+00,2.64495E+00)
(2.96722E+00,2.64495E+00)
(3.75411E+00,2.92247E+00)
(3.75411E+00,2.92247E+00)
0
