   75    4   20  3600    0  149  300    0    0
     0.0000000e+00     0.0000000e+00     0.0000000e+00
     5.4731277e-08     4.0150742e-09    -5.0057280e-07
     2.9218857e-07     4.4795280e-07    -4.8970596e-07
     4.2871939e-08     4.5643097e-09    -1.0040048e-06
    -1.9148827e-07    -4.1606212e-07    -1.1514276e-06
     5.3468509e-07    -6.1736628e-10    -1.1120684e-06
    -1.8100814e-07     2.9298572e-07     3.6739649e-07
    -1.3702359e-07     7.0430788e-07    -5.5006952e-07
     8.7690910e-08     6.4853343e-07     6.0185631e-07
     4.4669445e-07    -4.4932582e-07    -1.3230261e-06
     1.2067832e-07     7.1507431e-07    -9.8257220e-07
    -3.4308300e-07    -2.4551453e-08    -1.4294981e-06
    -5.6706523e-07     1.6267562e-07     6.6330857e-07
     4.2890396e-07     2.3215275e-07     1.2542429e-07
    -3.2450490e-07     3.9243749e-07    -1.0494108e-07
     4.5192323e-07    -2.1190552e-07    -1.1093798e-07
    -7.0705788e-07     4.7986411e-07    -4.2052715e-07
     7.2128758e-07    -2.1882999e-08    -1.5793072e-06
     9.2043171e-07    -3.3121374e-07     2.9952427e-08
     2.7948632e-08     3.3921918e-08     7.4529565e-07
     4.6770963e-07    -1.9179000e-07     8.4146819e-07
    -8.6130771e-08    -4.3778430e-07    -3.0421608e-07
    -1.0288703e-06     3.2430132e-08     8.1613835e-07
     4.4661321e-07     1.3713869e-07     1.2221854e-06
     4.3298071e-07    -6.7772108e-07     7.9434814e-08
    -9.8267591e-07     7.0028000e-07    -2.1055983e-07
     2.8281888e-07     5.9337188e-07    -4.2469468e-09
    -1.7041111e-07     2.2314258e-07    -1.7078267e-06
    -2.7268599e-07     6.7343642e-07     7.9715881e-07
    -2.2780727e-07     4.9811796e-07    -8.9340432e-07
    -1.8476838e-07     3.0721614e-07    -1.1628018e-06
     8.0022101e-07     4.0268528e-07     1.6637604e-07
     1.3614746e-07    -4.5627504e-07    -1.5916280e-06
     8.0139453e-07     7.1011703e-07     8.6142278e-08
    -6.3668855e-07     6.2756683e-07     2.1115654e-08
     3.5500358e-07    -1.7258011e-07    -7.1802491e-07
    -2.2105295e-07     9.2814375e-07    -9.0222367e-07
     1.1576168e-07    -9.1035273e-08     1.1264902e-06
     1.2989091e-07     2.0012886e-07    -1.3544573e-06
    -5.5062958e-07     6.6151100e-08     1.2820691e-10
     1.1608660e-07     3.2188393e-08    -1.6238243e-06
     1.5374766e-07    -2.3010434e-07     1.4096333e-06
    -9.6879772e-07     2.3394732e-07    -2.2139923e-07
    -3.7056694e-07    -2.4622803e-07    -5.3012978e-07
    -4.1514510e-08     1.1741235e-06    -8.1159794e-07
     4.4132126e-07     2.4774671e-08     1.6171298e-06
    -2.1165148e-07    -2.8561359e-07     2.0558030e-07
    -4.2934284e-07     6.1229889e-07     2.9665958e-07
    -2.3674429e-07    -8.1873497e-07    -3.3297177e-07
    -3.8111284e-07     9.3268853e-07    -3.1153766e-07
     1.2786307e-07    -3.8767884e-07    -6.5110341e-07
     4.6857328e-07    -3.7501501e-07    -1.7263051e-06
    -3.6881202e-08    -6.6260349e-08     1.6039755e-06
    -6.9440825e-07     5.8598528e-07     4.6986765e-07
     7.7502422e-07     9.8483765e-07    -7.1294388e-08
     4.3204984e-07    -3.7394359e-08     4.3521324e-07
     5.4085512e-07    -3.2908599e-07     3.7172689e-07
    -4.6632369e-07     1.0810322e-06    -7.7023693e-07
    -4.6719767e-07    -3.6174047e-07     3.7836329e-07
    -7.0827230e-07     1.1155047e-06    -9.7327788e-07
     1.2865482e-07     2.4196412e-07     1.4599854e-06
    -9.0116380e-08    -6.7447206e-07    -1.4540540e-06
     2.8212221e-07    -4.7626638e-07     1.5641562e-06
    -6.4995416e-07     1.1020313e-06    -3.1083323e-07
     3.5670173e-07     3.7394389e-07    -1.4933756e-06
    -1.7887393e-07     2.6823253e-07     1.0116745e-06
    -6.6444137e-07    -2.0560891e-07    -6.4388841e-07
     1.0719004e-06    -7.1140049e-07     6.3864365e-08
     9.2097449e-08    -3.7697677e-07     1.3431795e-07
    -2.0206220e-07    -3.0010317e-07     6.8082091e-07
    -4.3262066e-07    -6.4310033e-07    -1.3942105e-06
    -6.1305778e-07    -1.9927947e-07    -1.6297437e-07
    -5.2323554e-07     5.6580999e-07    -7.7753889e-07
    -6.2784580e-07    -2.3541457e-07     7.4371171e-07
     1.0918777e-06     9.7785144e-07    -9.3837550e-08
 0.00E+00  0.00E+00  0.00E+00  0.00E+00  0.00E+00  0.00E+00
 0.00E+00  0.00E+00  0.00E+00  0.00E+00  0.00E+00  0.00E+00
 0
0
USE_REFINEMENT=1
USE_DYN_ORDERS=1
HOST_RAM_GB=200.000
GPU_RAM_GB=48.000
