  100    4   20  4800    0  149  300    0    0
     0.0000000e+00     0.0000000e+00     0.0000000e+00
     1.6915947e-09    -4.9768820e-07    -7.6735628e-08
     3.0258547e-07    -3.4301974e-07    -4.4973067e-07
     3.8471849e-07    -8.4543001e-08     3.1373384e-07
    -1.6130398e-08    -9.8318560e-07    -2.0924755e-07
     6.8252889e-07    -3.2537700e-07    -7.7975565e-07
    -2.5553157e-07     2.8395746e-07     3.2811055e-07
    -3.3589758e-07    -1.9949529e-07    -3.1774079e-07
    -2.5552224e-07     2.9245044e-07    -3.8925275e-07
     1.0638088e-07     7.5496114e-09    -7.5335815e-07
    -5.6657210e-07     5.6980473e-07    -6.7193161e-07
    -2.2701323e-08    -4.4611985e-08     6.3046292e-07
     1.5493846e-08     1.6016464e-07     9.8435895e-07
     1.9306645e-07     2.9208796e-07     2.1458031e-07
     3.3008844e-07     1.6458583e-07     6.5072109e-07
     4.1174206e-07     2.3677471e-07    -9.0450426e-07
     4.5647758e-07     2.3985266e-07     9.3234815e-07
    -2.5852614e-07    -7.6628037e-08    -9.2185658e-07
     6.9808354e-07    -1.2200416e-07    -1.1361715e-06
    -4.9437056e-07     3.8381796e-07     9.3339010e-09
    -5.8187553e-08     6.3057775e-07     2.3041486e-07
     3.8381676e-07    -8.2533220e-08    -1.2044790e-07
     5.5891938e-08    -1.3373477e-06    -1.4268710e-08
     1.7456976e-07    -3.1712730e-07    -9.9537038e-07
    -7.2349653e-07    -2.2670627e-07    -4.5063681e-07
    -2.5601901e-07     2.4851202e-07     1.1237456e-06
    -4.5097711e-07     1.7144610e-07    -9.7059020e-07
    -3.9265504e-08     6.4094420e-07    -4.0974333e-07
     7.6218764e-08     3.8935740e-07    -1.0595400e-07
     2.4211155e-07    -5.7496987e-07    -7.8316250e-07
    -3.4803193e-08    -5.9069839e-08     1.2087683e-06
     2.6686724e-07    -8.8328380e-08     9.1834078e-07
     4.7398227e-07     4.9766201e-07     1.1172293e-06
    -3.0811605e-07    -2.7053494e-07    -1.1686238e-06
    -5.0564983e-08     1.0995515e-08     1.5182768e-06
     3.0487994e-07     5.1751895e-07    -1.0080237e-06
    -1.7084766e-07     6.2863451e-07    -6.6231431e-07
    -6.8798068e-07     5.2898976e-07     1.5999166e-07
    -2.1887675e-07     1.8167693e-07     1.6725380e-06
    -4.6238876e-07    -4.2753160e-07    -4.4123648e-08
     3.0653750e-07     5.5524757e-07    -7.9662864e-08
    -2.1458994e-07     8.3552185e-07    -2.9723389e-07
     9.5220875e-08     6.7516563e-08    -3.5950162e-07
     3.0919904e-07     1.8390302e-07    -4.2556686e-07
    -4.5337598e-07     6.1428597e-07    -1.5333581e-07
    -2.8245977e-07    -6.7956044e-07     9.3697362e-08
     4.6377158e-07     1.0663217e-08    -6.3035772e-07
    -3.0951835e-07    -4.3567542e-07    -1.4009687e-06
    -1.0070457e-07    -2.8812559e-07     9.0882157e-07
    -4.9036515e-07     5.0768340e-07    -1.0368978e-06
     2.6990844e-07     4.3803322e-07    -1.2795315e-06
     3.7653124e-08     8.7673103e-07     1.2326720e-07
    -1.8647219e-07     5.1803248e-07    -8.8863299e-07
     6.0643028e-07    -4.1715227e-09     6.0911702e-07
    -5.5668568e-07     1.2750786e-07     1.6168747e-07
     2.0765114e-07     4.3622262e-07    -3.5452326e-07
    -1.4988980e-07    -3.7663274e-07    -5.9503187e-07
     2.4363207e-07    -7.7260902e-07     1.6807207e-08
     4.6456490e-07     3.2963323e-07    -1.3980869e-06
    -1.4526257e-07    -2.0154509e-08    -1.1772770e-06
    -2.7110584e-07    -5.4277021e-07    -7.4132639e-07
     1.4459790e-08    -1.5425419e-07    -1.3194147e-06
     3.4243566e-07     4.4118892e-07     5.8292894e-07
    -5.0787320e-08     9.9686039e-07     3.2684594e-07
    -3.1081990e-07    -8.7846432e-08     3.6775882e-07
    -8.4461903e-07     6.3377449e-07    -7.8822948e-09
     3.1349796e-07     4.1849204e-07    -5.5390249e-07
    -7.2731552e-07     2.7543962e-07     1.4520568e-07
     5.1689622e-07    -5.6251139e-07    -2.7706108e-07
     6.1994844e-07     5.4932590e-09    -1.8067692e-07
    -5.9191723e-07     7.3164471e-07    -2.8862531e-07
    -3.0695007e-07    -1.4833456e-07     8.7743862e-08
     7.2940646e-08    -2.4796905e-07     3.1109270e-07
    -4.8716254e-07     5.4883436e-07     3.1772796e-07
     4.6946209e-07     1.5698619e-07    -7.1155984e-08
     7.9904755e-07    -3.9870167e-08     4.9556442e-07
    -2.3654689e-07     1.9642031e-07     7.7221616e-07
    -4.8204152e-07     7.8237921e-08    -5.5272289e-07
     5.2393190e-07    -7.4736722e-07    -3.5432017e-07
    -3.4264309e-07     1.6718138e-07    -7.0648782e-07
     9.6610484e-07     7.0750586e-08     5.0227676e-07
     4.4379238e-07     5.2704515e-07    -6.6081242e-07
     3.8296397e-07     3.7316918e-07     5.8058327e-08
    -6.3529073e-07     1.6814509e-07    -6.4557507e-07
    -2.9635856e-07    -1.7655154e-07     9.3207555e-07
    -2.3203732e-07     3.2110309e-07     1.3713133e-06
     2.7807324e-08    -4.3977553e-07     3.4801700e-07
     1.4831311e-07     6.4243842e-07    -2.1616488e-07
    -6.1039429e-07     2.0464600e-07     3.6768526e-07
    -2.5157774e-07     3.4983706e-07    -7.3654469e-07
     4.8713065e-07     2.3492987e-07    -5.5597623e-07
     6.8636271e-08    -3.9455350e-07     1.0149667e-06
     6.1669454e-07     1.7970830e-07     2.9703536e-07
    -4.1087071e-07     2.1482687e-07     6.3634941e-07
    -3.5144157e-07     3.5069706e-07     1.7441534e-06
     2.2053240e-08     1.1237654e-08    -1.4737675e-06
    -2.9394113e-07     6.3362415e-07     3.4146655e-07
     3.2240335e-07    -1.1222195e-07     6.5909043e-07
     1.6548972e-07     4.5808690e-07     4.1160376e-07
     5.3776071e-07     2.5794538e-07     1.1238687e-07
 0.00E+00  0.00E+00  0.00E+00  0.00E+00  0.00E+00  0.00E+00
 0.00E+00  0.00E+00  0.00E+00  0.00E+00  0.00E+00  0.00E+00
 0
0
USE_REFINEMENT=1
USE_DYN_ORDERS=1
HOST_RAM_GB=200.000
GPU_RAM_GB=48.000
