   75    4   12  3600    0  149  300    0    0
     0.0000000e+00     0.0000000e+00     0.0000000e+00
     2.7365638e-08     2.0075371e-09    -2.5028640e-07
     1.4609428e-07     2.2397640e-07    -2.4485298e-07
     2.1435970e-08     2.2821549e-09    -5.0200242e-07
    -9.5744136e-08    -2.0803106e-07    -5.7571378e-07
     2.6734254e-07    -3.0868314e-10    -5.5603421e-07
    -9.0504068e-08     1.4649286e-07     1.8369825e-07
    -6.8511795e-08     3.5215394e-07    -2.7503476e-07
     4.3845455e-08     3.2426672e-07     3.0092816e-07
     2.2334722e-07    -2.2466291e-07    -6.6151303e-07
     6.0339160e-08     3.5753716e-07    -4.9128610e-07
    -1.7154150e-07    -1.2275726e-08    -7.1474903e-07
    -2.8353261e-07     8.1337808e-08     3.3165428e-07
     2.1445198e-07     1.1607638e-07     6.2712146e-08
    -1.6225245e-07     1.9621875e-07    -5.2470541e-08
     2.2596161e-07    -1.0595276e-07    -5.5468990e-08
    -3.5352894e-07     2.3993206e-07    -2.1026357e-07
     3.6064379e-07    -1.0941499e-08    -7.8965358e-07
     4.6021586e-07    -1.6560687e-07     1.4976214e-08
     1.3974316e-08     1.6960959e-08     3.7264782e-07
     2.3385481e-07    -9.5894999e-08     4.2073410e-07
    -4.3065386e-08    -2.1889215e-07    -1.5210804e-07
    -5.1443515e-07     1.6215066e-08     4.0806918e-07
     2.2330661e-07     6.8569345e-08     6.1109272e-07
     2.1649035e-07    -3.3886054e-07     3.9717407e-08
    -4.9133796e-07     3.5014000e-07    -1.0527991e-07
     1.4140944e-07     2.9668594e-07    -2.1234734e-09
    -8.5205557e-08     1.1157129e-07    -8.5391334e-07
    -1.3634300e-07     3.3671821e-07     3.9857941e-07
    -1.1390363e-07     2.4905898e-07    -4.4670216e-07
    -9.2384189e-08     1.5360807e-07    -5.8140092e-07
     4.0011050e-07     2.0134264e-07     8.3188020e-08
     6.8073732e-08    -2.2813752e-07    -7.9581401e-07
     4.0069727e-07     3.5505851e-07     4.3071139e-08
    -3.1834428e-07     3.1378341e-07     1.0557827e-08
     1.7750179e-07    -8.6290053e-08    -3.5901246e-07
    -1.1052648e-07     4.6407188e-07    -4.5111184e-07
     5.7880839e-08    -4.5517637e-08     5.6324511e-07
     6.4945453e-08     1.0006443e-07    -6.7722866e-07
    -2.7531479e-07     3.3075550e-08     6.4103453e-11
     5.8043298e-08     1.6094197e-08    -8.1191214e-07
     7.6873830e-08    -1.1505217e-07     7.0481663e-07
    -4.8439886e-07     1.1697366e-07    -1.1069962e-07
    -1.8528347e-07    -1.2311402e-07    -2.6506489e-07
    -2.0757255e-08     5.8706175e-07    -4.0579897e-07
     2.2066063e-07     1.2387336e-08     8.0856491e-07
    -1.0582574e-07    -1.4280680e-07     1.0279015e-07
    -2.1467142e-07     3.0614945e-07     1.4832979e-07
    -1.1837214e-07    -4.0936748e-07    -1.6648588e-07
    -1.9055642e-07     4.6634427e-07    -1.5576883e-07
     6.3931536e-08    -1.9383942e-07    -3.2555170e-07
     2.3428664e-07    -1.8750751e-07    -8.6315253e-07
    -1.8440601e-08    -3.3130175e-08     8.0198774e-07
    -3.4720413e-07     2.9299264e-07     2.3493383e-07
     3.8751211e-07     4.9241882e-07    -3.5647194e-08
     2.1602492e-07    -1.8697179e-08     2.1760662e-07
     2.7042756e-07    -1.6454300e-07     1.8586345e-07
    -2.3316184e-07     5.4051611e-07    -3.8511846e-07
    -2.3359884e-07    -1.8087024e-07     1.8918165e-07
    -3.5413615e-07     5.5775237e-07    -4.8663894e-07
     6.4327409e-08     1.2098206e-07     7.2999270e-07
    -4.5058190e-08    -3.3723603e-07    -7.2702702e-07
     1.4106110e-07    -2.3813319e-07     7.8207810e-07
    -3.2497708e-07     5.5101564e-07    -1.5541662e-07
     1.7835086e-07     1.8697194e-07    -7.4668782e-07
    -8.9436964e-08     1.3411627e-07     5.0583726e-07
    -3.3222068e-07    -1.0280446e-07    -3.2194420e-07
     5.3595018e-07    -3.5570025e-07     3.1932182e-08
     4.6048724e-08    -1.8848838e-07     6.7158977e-08
    -1.0103110e-07    -1.5005159e-07     3.4041045e-07
    -2.1631033e-07    -3.2155017e-07    -6.9710525e-07
    -3.0652889e-07    -9.9639733e-08    -8.1487185e-08
    -2.6161777e-07     2.8290500e-07    -3.8876945e-07
    -3.1392290e-07    -1.1770728e-07     3.7185585e-07
     5.4593884e-07     4.8892572e-07    -4.6918775e-08
 0.00E+00  0.00E+00  0.00E+00  0.00E+00  0.00E+00  0.00E+00
 0.00E+00  0.00E+00  0.00E+00  0.00E+00  0.00E+00  0.00E+00
 0
0
USE_REFINEMENT=1
USE_DYN_ORDERS=1
HOST_RAM_GB=200.000
GPU_RAM_GB=48.000
