   75    4   12  3600    0  149  300    0    0
     0.0000000e+00     0.0000000e+00     0.0000000e+00
    -7.2408221e-08    -1.6807249e-07     1.7293027e-07
     1.2321752e-07    -1.7109053e-07    -1.3762871e-07
     1.6902425e-08     1.3768104e-07     2.1012955e-07
     3.4647946e-08     2.2021742e-07     4.4734050e-07
     1.2765526e-07     1.3630418e-07    -1.6888309e-07
     7.9351777e-08     3.4389407e-07    -3.4833099e-08
    -2.3231107e-07     1.0651279e-07     1.9231483e-07
    -9.5554509e-08    -7.7446948e-08    -2.1988361e-07
    -4.4295547e-09     2.7045927e-08     6.0403738e-07
     1.1467516e-07    -1.2015804e-07     3.3448584e-07
     8.8535246e-08    -2.4093196e-07    -3.7703528e-07
    -1.1604713e-08    -3.5168215e-07    -5.7977297e-07
     2.4687455e-08    -8.7491866e-08    -5.6618017e-07
     2.4013337e-07    -3.3078171e-07     3.9188005e-07
     1.0851263e-08    -3.4502687e-07     1.4338972e-08
    -2.5614976e-07     1.2136624e-07    -5.7899641e-08
    -4.5631798e-07     2.1534968e-07     2.2935028e-07
     2.5134683e-07     2.2830433e-07     2.2494272e-07
    -1.3213716e-08    -3.3947708e-08    -8.0927010e-07
    -5.6867743e-09    -5.6974712e-07    -9.8015343e-08
    -9.2355863e-08    -1.8650523e-07     4.6149922e-07
     2.4081047e-07     4.8485771e-07     9.7290071e-08
    -2.8500997e-07    -4.0916157e-08     3.8950439e-07
    -4.6197725e-07     1.2029087e-07     4.6754967e-07
    -3.5548771e-07     2.7304498e-07    -1.5425428e-07
    -2.5434251e-07     1.4627132e-08     5.8478146e-07
     3.8307098e-08     4.2455236e-07     4.6715283e-07
    -1.7267018e-07     1.9232000e-07     3.6905977e-07
    -9.4854592e-08    -1.3270393e-07     6.9602640e-07
    -4.3181662e-08     3.5865446e-08    -3.8290530e-07
     2.8493549e-07    -1.2762487e-07    -2.5644251e-07
     6.7670800e-08     8.3651234e-08     7.8776561e-07
     1.9611423e-07    -3.1713552e-07    -5.3444705e-07
     2.1613539e-07     3.3942693e-07    -1.8789835e-07
     1.5738096e-07    -1.7134879e-07     6.4834807e-08
     8.9681774e-08    -2.5837335e-07    -7.3206611e-07
     2.6714919e-07    -3.5048646e-07     5.9446473e-07
    -8.9412264e-08    -4.1863897e-07     1.7770104e-07
     2.2158952e-07    -4.0392767e-08     4.9058038e-07
    -1.1739894e-07    -6.7805526e-07    -2.3198706e-07
    -2.8339303e-07    -2.5702441e-07     4.8777713e-07
    -2.1759480e-07    -1.4045073e-07    -6.7255388e-08
    -7.7844491e-08    -5.5177406e-07     2.6360514e-07
    -9.0510194e-08     3.0917964e-07     1.7535248e-07
    -1.3998355e-07    -3.1815579e-07     6.1169381e-07
     3.6708015e-08     2.3713763e-07     6.5195757e-07
    -1.1671346e-07    -1.4762403e-07     8.5267205e-07
    -3.7218307e-07    -1.0387067e-07    -6.8881789e-08
    -4.1593118e-08     1.6591770e-08     3.6528865e-07
     4.3892097e-07     2.8895688e-07     2.8235259e-07
     8.4948050e-09    -1.1135758e-10     9.0909289e-07
    -9.3540674e-08     2.7889824e-07     7.3276357e-07
    -4.3412172e-07    -3.0412446e-07     4.7043567e-07
    -1.7587556e-07     3.3675462e-08     7.2159658e-07
     1.7652224e-07    -3.0061975e-07     1.5517256e-07
     2.2909229e-07    -4.4019064e-08     2.5218527e-09
    -4.5306252e-07     7.4029170e-08    -2.4087612e-08
    -6.1347743e-08     2.0370495e-07    -1.2536657e-07
    -1.7900092e-08    -2.4459510e-07    -8.4814617e-07
    -1.5818439e-07    -3.5962319e-07     3.7286817e-07
    -1.0265025e-08     1.9095133e-07    -3.7274938e-07
    -3.3660355e-07     4.3078178e-07    -1.5513333e-07
    -1.1166956e-07     4.6702516e-07     4.9783413e-07
    -2.1427274e-07     2.9175079e-07     4.8576891e-07
     1.1135925e-08    -2.1737145e-07     7.7870470e-07
     3.3106389e-07     8.5216033e-09    -1.0738516e-07
     1.1376135e-07     2.8960574e-07    -3.6165679e-07
    -4.7662884e-07    -1.7034143e-07     3.0672204e-08
    -1.1132624e-07     4.4005984e-07     2.6296152e-07
     1.3428049e-07     1.5620282e-07     4.2683987e-08
     1.2983133e-07     1.1009101e-07    -3.7251712e-07
     6.2623947e-08     3.0999326e-07    -5.1067891e-07
    -4.0928990e-07     3.4583325e-07     3.8074738e-07
    -6.3871742e-07     2.4424546e-07     3.1909526e-07
 0.00E+00  0.00E+00  0.00E+00  0.00E+00  0.00E+00  0.00E+00
 0.00E+00  0.00E+00  0.00E+00  0.00E+00  0.00E+00  0.00E+00
 0
0
USE_REFINEMENT=1
USE_DYN_ORDERS=1
HOST_RAM_GB=200.000
GPU_RAM_GB=48.000
