  100    4   12  4800    0  149  300    0    0
     0.0000000e+00     0.0000000e+00     0.0000000e+00
     8.4579735e-10    -2.4884410e-07    -3.8367814e-08
     1.5129274e-07    -1.7150987e-07    -2.2486534e-07
     1.9235925e-07    -4.2271501e-08     1.5686692e-07
    -8.0651990e-09    -4.9159280e-07    -1.0462378e-07
     3.4126445e-07    -1.6268850e-07    -3.8987783e-07
    -1.2776579e-07     1.4197873e-07     1.6405528e-07
    -1.6794879e-07    -9.9747645e-08    -1.5887039e-07
    -1.2776112e-07     1.4622522e-07    -1.9462637e-07
     5.3190441e-08     3.7748057e-09    -3.7667908e-07
    -2.8328605e-07     2.8490237e-07    -3.3596580e-07
    -1.1350662e-08    -2.2305993e-08     3.1523146e-07
     7.7469229e-09     8.0082321e-08     4.9217948e-07
     9.6533223e-08     1.4604398e-07     1.0729015e-07
     1.6504422e-07     8.2292917e-08     3.2536054e-07
     2.0587103e-07     1.1838736e-07    -4.5225213e-07
     2.2823879e-07     1.1992633e-07     4.6617408e-07
    -1.2926307e-07    -3.8314018e-08    -4.6092829e-07
     3.4904177e-07    -6.1002080e-08    -5.6808577e-07
    -2.4718528e-07     1.9190898e-07     4.6669505e-09
    -2.9093776e-08     3.1528887e-07     1.1520743e-07
     1.9190838e-07    -4.1266610e-08    -6.0223952e-08
     2.7945969e-08    -6.6867383e-07    -7.1343551e-09
     8.7284881e-08    -1.5856365e-07    -4.9768519e-07
    -3.6174826e-07    -1.1335314e-07    -2.2531840e-07
    -1.2800951e-07     1.2425601e-07     5.6187278e-07
    -2.2548855e-07     8.5723049e-08    -4.8529510e-07
    -1.9632752e-08     3.2047210e-07    -2.0487166e-07
     3.8109382e-08     1.9467870e-07    -5.2977001e-08
     1.2105578e-07    -2.8748493e-07    -3.9158125e-07
    -1.7401597e-08    -2.9534920e-08     6.0438416e-07
     1.3343362e-07    -4.4164190e-08     4.5917039e-07
     2.3699113e-07     2.4883101e-07     5.5861466e-07
    -1.5405802e-07    -1.3526747e-07    -5.8431191e-07
    -2.5282491e-08     5.4977573e-09     7.5913842e-07
     1.5243997e-07     2.5875947e-07    -5.0401185e-07
    -8.5423828e-08     3.1431725e-07    -3.3115716e-07
    -3.4399034e-07     2.6449488e-07     7.9995832e-08
    -1.0943838e-07     9.0838464e-08     8.3626899e-07
    -2.3119438e-07    -2.1376580e-07    -2.2061824e-08
     1.5326875e-07     2.7762379e-07    -3.9831432e-08
    -1.0729497e-07     4.1776092e-07    -1.4861694e-07
     4.7610438e-08     3.3758281e-08    -1.7975081e-07
     1.5459952e-07     9.1951510e-08    -2.1278343e-07
    -2.2668799e-07     3.0714299e-07    -7.6667904e-08
    -1.4122988e-07    -3.3978022e-07     4.6848681e-08
     2.3188579e-07     5.3316085e-09    -3.1517886e-07
    -1.5475917e-07    -2.1783771e-07    -7.0048436e-07
    -5.0352286e-08    -1.4406279e-07     4.5441078e-07
    -2.4518258e-07     2.5384170e-07    -5.1844892e-07
     1.3495422e-07     2.1901661e-07    -6.3976577e-07
     1.8826562e-08     4.3836551e-07     6.1633602e-08
    -9.3236095e-08     2.5901624e-07    -4.4431650e-07
     3.0321514e-07    -2.0857614e-09     3.0455851e-07
    -2.7834284e-07     6.3753928e-08     8.0843733e-08
     1.0382557e-07     2.1811131e-07    -1.7726163e-07
    -7.4944898e-08    -1.8831637e-07    -2.9751594e-07
     1.2181604e-07    -3.8630451e-07     8.4036035e-09
     2.3228245e-07     1.6481662e-07    -6.9904347e-07
    -7.2631283e-08    -1.0077255e-08    -5.8863851e-07
    -1.3555292e-07    -2.7138511e-07    -3.7066320e-07
     7.2298948e-09    -7.7127093e-08    -6.5970735e-07
     1.7121783e-07     2.2059446e-07     2.9146447e-07
    -2.5393660e-08     4.9843020e-07     1.6342297e-07
    -1.5540995e-07    -4.3923216e-08     1.8387941e-07
    -4.2230952e-07     3.1688725e-07    -3.9411474e-09
     1.5674898e-07     2.0924602e-07    -2.7695125e-07
    -3.6365776e-07     1.3771981e-07     7.2602841e-08
     2.5844811e-07    -2.8125570e-07    -1.3853054e-07
     3.0997422e-07     2.7466295e-09    -9.0338461e-08
    -2.9595861e-07     3.6582236e-07    -1.4431265e-07
    -1.5347504e-07    -7.4167278e-08     4.3871931e-08
     3.6470323e-08    -1.2398453e-07     1.5554635e-07
    -2.4358127e-07     2.7441718e-07     1.5886398e-07
     2.3473105e-07     7.8493096e-08    -3.5577992e-08
     3.9952378e-07    -1.9935084e-08     2.4778221e-07
    -1.1827345e-07     9.8210155e-08     3.8610808e-07
    -2.4102076e-07     3.9118961e-08    -2.7636145e-07
     2.6196595e-07    -3.7368361e-07    -1.7716009e-07
    -1.7132155e-07     8.3590688e-08    -3.5324391e-07
     4.8305242e-07     3.5375293e-08     2.5113838e-07
     2.2189619e-07     2.6352257e-07    -3.3040621e-07
     1.9148198e-07     1.8658459e-07     2.9029164e-08
    -3.1764536e-07     8.4072543e-08    -3.2278753e-07
    -1.4817928e-07    -8.8275768e-08     4.6603778e-07
    -1.1601866e-07     1.6055155e-07     6.8565664e-07
     1.3903662e-08    -2.1988776e-07     1.7400850e-07
     7.4156555e-08     3.2121921e-07    -1.0808244e-07
    -3.0519715e-07     1.0232300e-07     1.8384263e-07
    -1.2578887e-07     1.7491853e-07    -3.6827234e-07
     2.4356532e-07     1.1746494e-07    -2.7798812e-07
     3.4318135e-08    -1.9727675e-07     5.0748333e-07
     3.0834727e-07     8.9854150e-08     1.4851768e-07
    -2.0543536e-07     1.0741343e-07     3.1817470e-07
    -1.7572078e-07     1.7534853e-07     8.7207669e-07
     1.1026620e-08     5.6188268e-09    -7.3688376e-07
    -1.4697057e-07     3.1681208e-07     1.7073328e-07
     1.6120168e-07    -5.6110977e-08     3.2954521e-07
     8.2744862e-08     2.2904345e-07     2.0580188e-07
     2.6888036e-07     1.2897269e-07     5.6193434e-08
 0.00E+00  0.00E+00  0.00E+00  0.00E+00  0.00E+00  0.00E+00
 0.00E+00  0.00E+00  0.00E+00  0.00E+00  0.00E+00  0.00E+00
 0
0
USE_REFINEMENT=1
USE_DYN_ORDERS=1
HOST_RAM_GB=200.000
GPU_RAM_GB=48.000
