   75    6   28  7200    0  149  300    0    0
     0.0000000e+00     0.0000000e+00     0.0000000e+00
    -2.1722466e-07    -5.0421748e-07     5.1879079e-07
     3.6965255e-07    -5.1327160e-07    -4.1288614e-07
     5.0707275e-08     4.1304312e-07     6.3038866e-07
     1.0394384e-07     6.6065226e-07     1.3420215e-06
     3.8296576e-07     4.0891253e-07    -5.0664926e-07
     2.3805533e-07     1.0316822e-06    -1.0449930e-07
    -6.9693321e-07     3.1953837e-07     5.7694449e-07
    -2.8666353e-07    -2.3234084e-07    -6.5965084e-07
    -1.3288664e-08     8.1137780e-08     1.8121121e-06
     3.4402547e-07    -3.6047411e-07     1.0034575e-06
     2.6560574e-07    -7.2279587e-07    -1.1311058e-06
    -3.4814140e-08    -1.0550465e-06    -1.7393189e-06
     7.4062364e-08    -2.6247560e-07    -1.6985405e-06
     7.2040011e-07    -9.9234513e-07     1.1756401e-06
     3.2553790e-08    -1.0350806e-06     4.3016917e-08
    -7.6844929e-07     3.6409872e-07    -1.7369892e-07
    -1.3689539e-06     6.4604903e-07     6.8805084e-07
     7.5404049e-07     6.8491299e-07     6.7482816e-07
    -3.9641147e-08    -1.0184312e-07    -2.4278103e-06
    -1.7060323e-08    -1.7092413e-06    -2.9404603e-07
    -2.7706759e-07    -5.5951569e-07     1.3844976e-06
     7.2243141e-07     1.4545731e-06     2.9187021e-07
    -8.5502992e-07    -1.2274847e-07     1.1685132e-06
    -1.3859317e-06     3.6087261e-07     1.4026490e-06
    -1.0664631e-06     8.1913495e-07    -4.6276283e-07
    -7.6302752e-07     4.3881397e-08     1.7543444e-06
     1.1492129e-07     1.2736571e-06     1.4014585e-06
    -5.1801055e-07     5.7695999e-07     1.1071793e-06
    -2.8456377e-07    -3.9811178e-07     2.0880792e-06
    -1.2954498e-07     1.0759634e-07    -1.1487159e-06
     8.5480647e-07    -3.8287459e-07    -7.6932751e-07
     2.0301240e-07     2.5095370e-07     2.3632968e-06
     5.8834269e-07    -9.5140655e-07    -1.6033411e-06
     6.4840616e-07     1.0182808e-06    -5.6369506e-07
     4.7214288e-07    -5.1404638e-07     1.9450442e-07
     2.6904532e-07    -7.7512006e-07    -2.1961983e-06
     8.0144756e-07    -1.0514594e-06     1.7833942e-06
    -2.6823679e-07    -1.2559169e-06     5.3310313e-07
     6.6476854e-07    -1.2117830e-07     1.4717412e-06
    -3.5219681e-07    -2.0341658e-06    -6.9596119e-07
    -8.5017910e-07    -7.7107323e-07     1.4633314e-06
    -6.5278440e-07    -4.2135218e-07    -2.0176616e-07
    -2.3353347e-07    -1.6553222e-06     7.9081543e-07
    -2.7153058e-07     9.2753891e-07     5.2605744e-07
    -4.1995066e-07    -9.5446737e-07     1.8350814e-06
     1.1012405e-07     7.1141290e-07     1.9558727e-06
    -3.5014039e-07    -4.4287210e-07     2.5580161e-06
    -1.1165492e-06    -3.1161200e-07    -2.0664537e-07
    -1.2477935e-07     4.9775309e-08     1.0958659e-06
     1.3167629e-06     8.6687063e-07     8.4705777e-07
     2.5484415e-08    -3.3407274e-10     2.7272787e-06
    -2.8062202e-07     8.3669473e-07     2.1982907e-06
    -1.3023652e-06    -9.1237337e-07     1.4113070e-06
    -5.2762667e-07     1.0102638e-07     2.1647897e-06
     5.2956672e-07    -9.0185926e-07     4.6551767e-07
     6.8727687e-07    -1.3205719e-07     7.5655582e-09
    -1.3591876e-06     2.2208751e-07    -7.2262837e-08
    -1.8404323e-07     6.1111484e-07    -3.7609970e-07
    -5.3700276e-08    -7.3378529e-07    -2.5444385e-06
    -4.7455316e-07    -1.0788696e-06     1.1186045e-06
    -3.0795075e-08     5.7285398e-07    -1.1182481e-06
    -1.0098107e-06     1.2923453e-06    -4.6539999e-07
    -3.3500868e-07     1.4010755e-06     1.4935024e-06
    -6.4281822e-07     8.7525236e-07     1.4573067e-06
     3.3407776e-08    -6.5211434e-07     2.3361141e-06
     9.9319165e-07     2.5564810e-08    -3.2215547e-07
     3.4128404e-07     8.6881721e-07    -1.0849704e-06
    -1.4298865e-06    -5.1102428e-07     9.2016611e-08
    -3.3397871e-07     1.3201795e-06     7.8888455e-07
     4.0284147e-07     4.6860847e-07     1.2805196e-07
     3.8949399e-07     3.3027303e-07    -1.1175514e-06
     1.8787184e-07     9.2997978e-07    -1.5320367e-06
    -1.2278697e-06     1.0374997e-06     1.1422421e-06
    -1.9161523e-06     7.3273639e-07     9.5728577e-07
 0.00E+00  0.00E+00  0.00E+00  0.00E+00  0.00E+00  0.00E+00
 0.00E+00  0.00E+00  0.00E+00  0.00E+00  0.00E+00  0.00E+00
 0
0
USE_REFINEMENT=1
USE_DYN_ORDERS=1
HOST_RAM_GB=200.000
GPU_RAM_GB=48.000
